-0.122526,0,0.99248,0,0,1,0,0,-0.99248,0,-0.122526,0,2.1367,0,22.2411,1|
-0.871763,0,-0.489961,0,0,1,0,0,0.489961,0,-0.871763,0,3.46089,0,20.1594,1|
0.852772,0,-0.522318,0,0,1,0,0,0.522318,0,0.852772,0,3.70269,0,22.9331,1|
